7361.840364    319.985939    
7406.006617    323.809007    
7252.136476    227.619374    
7551.011580    262.361796    
7111.133168    286.216981    
7221.852771    348.585403    
7469.632754    416.722720    
7256.320099    302.856253    
7294.416046    214.741697    
7387.570720    307.927543    
7221.526055    378.198074    
7184.791563    232.571747    
7076.304384    366.954975    
7205.394541    258.585503    
7283.094293    279.915120    
7246.248139    210.485684    
7366.654260    269.686396    
7466.923077    259.280754    
7400.341605    325.758863    
7269.843672    211.981435    
7295.847808    347.413172    
7614.967742    479.179276    
7393.187758    244.889959    
7472.172043    272.613641    
7258.830438    297.031545    
7309.124069    296.676567    
7549.313482    337.503720    
7337.274607    276.822163    
7178.612903    284.342960    
7358.741108    306.902964    
7502.976013    366.122088    
7529.177006    316.480979    
7180.424318    388.411076    
7279.567411    346.777535    
7178.189413    328.865657    
7193.287014    296.263030    
7305.295285    289.955981    
7190.791563    345.166238    
7282.509512    304.990808    
7336.492142    280.851730    
7226.970223    357.312986    
7337.092639    327.605675    
7449.684036    365.851565    
7180.488007    358.463812    
7264.424318    247.717877    
7122.493797    309.721145    
7189.005790    263.295798    
7397.226634    303.499626    
7186.145575    324.191078    
7359.224979    239.687646    
7523.841191    309.907643    
7260.801489    265.521994    
7526.894955    412.722723    
7271.443342    363.619893    
7340.570720    330.678877    
7307.985939    243.237569    
7135.723739    282.045512    
7340.866832    265.610238    
7147.340778    340.466689    
7191.948718    259.143207    
7314.128205    228.040615    
7185.917287    272.550205    
7490.432589    243.350212    
