	352.915560431	358.425268665	355.297559458	343.408877789	336.963397967	336.286860593	336.412371126	345.125567503	351.353050345	348.433520729	358.381290538	348.63171552	344.631555498	321.270518068	309.123605336	308.699157867	321.583948336	335.735993895	351.334630624	343.191165188	355.62097329	353.458152628	352.456577757	356.870074309	362.127413409	356.273914342	369.778733728	377.755688963	378.910746073	378.036907926	370.162650065	355.306906396	347.687540545	340.672016797	314.948880262	305.705081534	294.730498964	281.040444453	282.462656702
	361.216133341	368.677867682	362.569746898	348.715215234	343.864287948	340.411655556	350.781123816	350.157327776	361.740305853	358.206431853	358.395532931	360.088912203	341.073214673	332.423636228	318.677805888	326.272533609	327.072366735	344.604288125	348.137111965	362.494081584	360.286730387	362.836145569	365.626236369	367.722178971	362.791512486	369.835622274	365.213893778	368.065100719	382.219909158	386.685171059	380.645051297	375.275848825	352.770536109	340.450115552	316.442152976	302.343253076	288.35375257	284.357884363	293.681262255
	358.289305597	364.749943855	364.18529238	350.381275968	346.118499392	342.565401303	343.462270222	358.968563848	368.741524536	365.165236278	376.246745507	362.986689647	356.777828976	342.847482962	333.942007388	336.098945077	333.701171193	343.156613775	356.590773285	355.682302381	364.129745634	366.73357941	369.359819473	370.787065064	367.258144527	359.280122046	369.82893637	381.057127134	391.936774715	389.975203842	394.942611546	371.749640095	355.296854581	340.040278912	322.166992686	299.164301706	288.065783618	290.845012619	295.044506424
	356.677420173	364.245598649	355.970635691	357.967714826	343.489074452	345.466495512	352.3536955	361.545442621	375.147935211	380.06602243	383.496968591	378.701445179	365.054048121	353.300126793	337.680940738	335.190942601	339.981592139	352.815140771	351.258838293	353.890473339	368.076467211	364.142958507	369.836336911	370.880469288	363.800218031	362.091182841	368.0953305	374.725302933	394.960832819	390.199060258	384.805893551	374.457775791	367.773206293	333.178603544	325.643780853	304.353375326	287.316642594	289.111769073	300.490813755
	348.114350332	354.661652679	351.9242536	339.059329653	336.248956947	343.559686592	359.234591964	371.289852674	380.33086801	391.060028745	389.699638845	385.492133426	376.997218152	357.643218453	351.483499672	342.041932809	345.534391372	344.334353703	360.274983162	353.641040303	358.550584356	359.116628457	367.637693828	368.937885034	357.659223185	357.147346709	356.333832878	372.565439625	391.107484909	388.551256739	383.407853022	379.272395532	363.241260255	343.462105169	318.52504546	300.429069163	288.280972094	290.283960159	302.50508888
	337.475589106	340.891112109	345.728995999	327.620354218	332.487058002	344.599339761	363.401677263	374.980068673	389.156065656	393.5863849	399.720900992	389.678549102	378.725234471	364.981247685	346.574569137	341.615290645	338.135336321	338.659157105	355.537809223	352.614640088	354.948054567	349.153693	345.835975639	353.880458184	344.669314352	339.630385404	362.856699162	363.134305124	383.60610887	384.142104517	384.541847989	370.930417536	349.488007624	340.137027209	322.673003942	299.496408602	288.851931179	288.768227025	304.51025159
	324.444562483	325.377012173	324.695094681	325.715210092	331.07231811	342.105901691	361.940186236	379.446356439	393.104573035	400.165897822	404.851915918	393.108266059	379.261753213	361.553852432	343.602765807	330.63245928	340.843691848	339.734488684	338.970419545	351.011683301	347.020789826	341.134289063	343.160904533	343.218922883	329.193042085	338.317262966	348.576808441	363.362536706	383.966288701	390.802897264	381.037814494	370.022252196	349.539878961	337.186176334	322.519784413	299.927001281	290.299161078	292.952450616	305.075348073
	308.328243712	311.19281483	307.395125473	305.856035311	313.81357353	335.290783949	357.605328787	369.643585017	388.802929275	398.615335808	390.999817318	386.271162443	372.646026712	365.816237029	332.694994227	330.05341269	334.409831644	341.171835318	338.875177597	346.260470497	339.398336826	332.494584206	325.565825258	327.973664516	315.525947159	321.555028231	346.636352532	357.494696534	377.256202571	381.881063139	375.431710853	362.376897543	351.50172666	333.476962253	311.453377489	297.570051417	280.656187695	297.968438302	297.853269951
	291.067376542	287.219785776	288.679368466	286.015363412	297.795740143	326.986938653	341.979551443	356.657848451	378.980898651	382.409564909	386.079895963	385.166856939	364.738994542	353.5177958	336.917533738	323.073961471	332.390172095	338.316653037	341.329513425	341.336528737	341.420535205	327.358229514	314.879226348	314.100399911	309.93259453	314.212202402	327.919388296	348.348886661	369.660676666	378.458857843	377.240606487	360.593351477	349.039712767	333.763587024	306.615834296	289.893423566	292.829773746	294.995822254	310.583344057
	281.689807938	275.291271112	277.278877147	283.37402669	295.679784814	321.140701977	338.900683784	360.689667206	376.018812216	379.186959579	376.069974673	368.106006126	353.686964894	345.907756292	325.687041312	320.251595475	320.929975039	335.535710695	340.594551521	335.010028693	336.94352087	326.735830369	311.831343191	306.087800307	296.102736286	309.90865046	328.365111208	345.631680046	366.701233855	375.050312238	369.054175057	359.725020958	335.40041014	324.016451934	312.209579234	298.757343196	297.203565227	297.401869544	311.137843847
	280.367576278	267.709975327	275.862843439	283.828850413	300.058488462	322.321855736	332.460786186	357.402496804	366.543442498	373.897885287	368.187407778	357.272401902	344.738443032	322.999926286	310.866472491	313.06450168	316.352318018	318.463147027	339.1741077	347.169454857	349.487892998	337.831388961	312.691015141	306.161445051	300.601377589	306.781965903	333.719593287	348.955389621	363.585537992	368.20200167	369.925039903	358.792791976	342.01152406	328.673224013	319.44593473	302.08402953	304.950381534	310.409750414	313.211959252
	279.817441296	272.514928016	282.216703215	297.455237035	305.210404938	322.189603478	338.492121923	346.078379703	358.331902825	366.528333694	362.633644316	349.788423975	337.12418416	319.372045429	304.746047041	308.546972217	318.57272008	321.857332688	351.693207741	355.265151387	356.259114712	346.624385467	324.993717016	316.941244685	304.344362615	317.041475287	332.511503901	356.569055101	369.291283274	365.233876206	375.694530097	355.96538597	343.648459246	327.93614069	320.052351475	307.80696015	317.240790764	313.893276714	327.241468314
	281.851072751	282.939494185	291.311690259	302.166605694	317.615042454	330.832842025	347.429568567	353.93012607	357.883395912	357.656133459	363.426500637	348.227914263	333.945067546	328.56493284	312.069429452	311.209512297	319.705256834	338.613974957	351.291019954	366.594618772	376.815093265	366.545768566	345.282714869	328.154652471	325.236017563	328.869292178	343.256157439	369.460261541	380.103071778	383.314104483	372.742623321	354.980022433	347.236049793	326.616267882	317.005230954	329.725746303	320.236121628	324.734512181	327.063919221
	282.79919596	286.122129546	299.215010611	327.967955898	341.54385677	340.67080537	360.676059581	367.085790828	368.879316462	373.578171929	367.169080652	360.339793728	341.639783984	334.157835924	315.219666496	322.231794369	328.723558831	350.674580093	366.055820461	380.772540884	382.420795594	379.52597239	367.774367496	347.025860486	349.831374993	348.220836641	369.322640654	383.279809599	378.107926966	379.976553758	381.166081595	367.057083428	348.539759888	336.61520752	328.725685744	318.656548605	319.676580547	325.661323396	328.963485902
	285.611455922	295.420487269	309.840749414	337.004531753	349.313286657	364.067884522	371.087133121	377.801771947	374.986234735	375.371218295	379.883554184	371.17791298	357.557053645	347.858841697	334.285632886	329.460068154	334.224311128	347.706934603	364.603352198	383.83787231	393.130899007	380.804924504	375.957871294	367.971956877	357.520422644	360.212789496	387.583749677	392.249414178	395.536875021	391.712594081	384.954824206	365.855834738	359.196142074	345.424604975	337.87703071	329.227461018	334.824931034	333.46805063	334.701264198
	286.202237651	299.259641585	320.991280044	348.681961253	357.6716579	372.370866858	380.422423044	383.111390612	390.814023427	395.269054694	390.92479715	394.564658632	376.128854373	362.387572682	347.894770698	341.911998273	347.202764443	354.539654114	364.227557	384.894943996	389.716551711	380.433655435	376.994560257	363.292758835	353.810164711	366.489734677	377.155970191	383.500244315	390.314228896	386.439793869	390.97481778	371.442784289	368.037072826	354.193404797	338.398554605	336.421309605	334.409914521	338.11122028	338.285491593
	291.071131561	302.322444867	325.677005973	341.09324556	351.851519911	365.686288473	385.574464827	384.86515064	389.08585812	402.089497151	410.008356754	407.636751087	395.861532273	378.228613875	370.696825665	353.400166956	350.412568271	348.409557783	371.072124447	373.03125534	374.932613413	374.016357701	370.566166765	366.057870872	365.830670001	355.354332941	371.818581022	380.084887284	380.631506399	385.343135823	376.828037861	376.847533483	361.512594537	354.331986226	346.491723548	338.249401472	340.193542353	334.331164851	329.861099057
	278.666418029	287.790472408	312.872341444	335.69732555	345.62228942	368.232279055	379.930550867	380.633795357	395.625945354	413.453265706	423.43710288	423.127854382	410.924373843	388.828555087	368.798786226	369.088115204	353.017488149	356.362040282	359.259309832	367.344747845	365.437954328	368.033176832	355.29311105	352.085840246	343.049591785	353.33856868	363.809821602	370.26154879	366.283255184	367.621752053	366.039534465	362.969755054	353.980672428	355.983466994	343.013436598	333.891368119	328.332846438	322.791811841	326.698108842
	269.870969421	275.969701946	304.646682088	326.856276438	345.614212927	356.439793343	373.927206225	381.135458654	387.008228087	408.698262278	409.74303656	411.525409924	402.199632921	391.324102616	372.347045778	361.987004718	361.78573718	346.243497901	348.053362083	349.826656135	351.11797476	347.88095229	349.268656058	335.174331057	330.512091123	332.607057614	341.159330944	351.790103107	355.873017289	353.120862685	349.217002002	352.133837276	340.127567105	343.58983293	334.299613814	320.155163629	315.74475022	313.592940973	310.919775955
	255.167057555	264.610137881	298.371729711	313.146717558	327.879407743	345.362452334	360.363697474	363.143759096	374.039576027	382.044642475	390.308691007	391.612759353	383.066277872	373.498663586	350.663291156	341.15032828	335.696007608	331.903965596	325.01281871	317.775951821	314.714606345	312.833586125	311.635343069	307.620536632	311.243883233	311.984086201	318.80489306	328.944522475	333.258243999	329.379882628	325.870548704	330.903559263	334.913017291	332.946244631	322.435833488	306.758635853	295.84170333	293.624078579	286.949858363
	236.472742668	247.85199767	267.923631489	281.339387296	299.068471453	311.551772469	322.855095122	329.075899825	333.301794426	334.307441372	335.378765129	344.341461454	326.09811074	322.963987097	312.359202043	301.611806022	296.169555565	283.907533412	271.888527949	265.525099061	267.741075382	263.980657155	264.287531335	264.110235847	267.929315145	275.099606323	275.256326633	288.914192159	292.875104194	291.294126404	288.770102912	293.577264067	298.136183945	294.873161556	289.640069946	272.107580099	261.932013974	251.123556371	243.468707102
	207.459675009	221.252650149	236.070524456	248.623056124	262.156018008	270.783335928	277.522857178	282.224993291	283.395416256	282.407028784	288.410456788	294.644226922	289.770929763	275.524606008	259.827608216	247.714518632	239.2162541	231.800729575	223.130144141	224.365170886	225.593927905	223.35856064	224.852756053	220.787746546	225.522506878	227.834994196	239.66649899	242.991551145	247.388281766	247.993804732	242.037703544	247.388894872	255.542799642	243.014108419	241.17877354	236.857858748	223.431390574	212.692547894	205.843400839
	184.872112988	189.828288296	204.258548286	209.859320118	219.400231489	222.773828998	228.109932036	234.668552009	233.659868699	241.105752472	244.33257799	241.313088229	231.160189059	227.793627013	219.629638552	214.991906309	202.284228365	185.968580478	181.880765197	178.69122895	177.972249076	177.446485533	187.236760371	188.865824922	186.780255096	190.277230746	197.682496348	206.861861347	209.276293195	201.182920243	211.064153985	214.017260414	214.937778032	215.270298897	205.506282015	194.164957544	179.948247088	174.500713082	173.634536832
	162.142094957	170.891022282	178.376614721	185.526789086	186.473196359	187.501164857	192.301320677	187.268490485	190.975066274	189.992812584	195.885192953	192.244680376	184.199681872	172.969306388	168.24858482	161.885853238	161.71997547	160.18279587	161.488203623	153.981946699	157.682442214	154.950259007	158.762676034	159.341622254	156.225505815	164.746417904	166.964397712	172.486008211	175.305763907	179.197730612	182.638398428	180.338789818	180.194377286	175.313117999	170.182003561	158.149146161	155.838877068	143.767433134	139.188773754
	139.477240906	146.624067888	159.757994417	160.571430141	148.208935753	150.116190827	155.393918289	154.86062948	142.008543066	153.986645931	152.556983311	155.674381244	138.183017167	140.68773418	142.280710054	141.4545591	136.82986403	133.851952452	132.328351622	133.356405789	133.300967349	141.998580541	139.494039477	145.605328078	147.110888464	141.750743803	142.90217985	142.674217982	149.834300013	147.107500761	142.675757864	152.092133698	149.720582955	139.959314536	136.793875498	126.709250112	115.510029406	112.422389455	102.670099873
	117.794428293	123.795141615	132.607094348	131.549840533	128.564938108	130.596939453	124.112303764	115.435879071	123.987621193	121.118666681	117.586187385	121.208839473	122.332510537	125.508124206	126.43582219	123.144956341	118.888212853	117.292582939	120.226721658	118.736851522	125.818291112	134.535751682	134.279445611	133.911717928	128.920285096	130.86729896	125.160114133	127.693855907	127.739302104	124.164984237	118.853308088	118.280041868	112.686368684	110.084282515	102.919170989	93.8009423196	81.3900772281	77.9432253918	75.9331700174
	106.707201293	111.259028526	117.506612498	112.969981319	113.445818084	112.314914235	111.2632677	112.719204431	119.524966794	120.635156641	115.611065073	122.156158192	123.41857282	116.799224984	112.432232045	123.415541232	120.19488039	118.33430104	125.22308438	126.559874622	129.477864945	129.972123298	131.338167665	137.323706815	139.664531667	133.792779837	128.139039737	125.930888035	107.454230678	103.633485028	102.362695554	98.3081549174	93.3021084795	84.2629718518	75.3999498099	68.735155066	66.6399530757	62.9915590213	59.5670107777
	117.481278696	112.471210728	108.67144516	106.000644141	104.355162786	106.277182434	100.872327749	103.251985633	108.208478549	114.918830557	110.701032375	110.016801667	108.110105497	121.317498738	119.553821144	120.420071837	124.390938449	126.740355301	132.740572022	136.177921499	142.03817279	153.43865061	153.457477103	155.678697614	151.986132027	142.81466035	131.680211135	121.283388672	115.308900806	99.8852503632	86.1186347383	84.3712805139	75.5669659251	65.3691110947	63.81035694	59.6540712245	45.2831354731	43.1085220253	45.9538859857
	136.406667863	135.981771117	129.71786933	131.556116702	136.484466421	136.174704011	133.455575105	139.220377205	139.625486184	146.496893769	151.293837101	145.190605472	149.075761834	143.886025064	150.829088568	148.896759192	142.458443636	155.52262042	164.082977429	169.099103867	171.797750626	171.297741082	178.11403149	181.028618025	177.170965512	165.330974308	151.896312648	142.364002459	127.967525485	108.03846725	94.7898764917	86.9995120214	73.6040389364	54.6209550231	57.3824386731	57.1657097161	51.7571952122	45.1930101151	47.3551257681
	169.047687607	178.665284682	184.311213253	184.594091411	190.058356529	187.965618724	181.626119727	186.852472044	182.6062032	188.309258724	181.062598013	187.586569584	188.098203714	191.470434234	189.946371607	193.873045763	192.737989189	199.011639491	205.74061168	212.853351528	221.055507543	221.474220703	225.48652474	220.676727797	216.932567811	207.682167241	203.588754484	180.86465292	156.802980211	139.339468667	119.320088194	94.1936298764	79.0360576743	64.5013666821	55.0752159821	53.4729229568	54.1993511484	53.035625063	51.3504747028
	216.693395642	228.258894576	226.45463717	238.75194936	241.144174666	231.74725266	237.351499768	237.812728692	238.004860095	237.982316079	233.825292844	233.629909781	239.863958462	239.135190225	238.946650191	236.31516486	235.186030911	240.657462193	259.253464356	267.976646358	270.315384607	269.796427647	269.399756446	279.283404367	271.507807983	259.1926512	242.096431795	224.693264786	196.320947268	171.447694407	153.023644669	124.412817896	98.9924551309	81.8646019421	71.3276147212	60.1164947858	55.5906238526	51.6782787526	45.406259426
